6.886202096939086914e-01 1.620947599411010742e+00 -3.558318018913268488e-01 8.834057450294494629e-01 1.004664540290832297e+00 1.631975054740905318e+00 6.977632641792297363e-01 -8.646231889724731445e-02 4.794701337814332165e-01 5.090115070343017578e-01 6.743947267532348633e-01 7.052779793739318848e-01 9.280275106430051490e-01 5.865684151649475098e-01 6.836147904396056019e-01 4.644868373870849054e-01 1.193485260009765625e+00 1.985159963369369229e-01
3.048447132110596147e+00 -1.396050155162811279e-01 -2.762673981487751354e-02 3.385100841522216797e+00 -5.376325845718382679e-01 -1.488057732582092285e+00 1.555397868156433328e+00 1.254122734069824219e+00 1.073030471801757590e+00 -1.218533515930175781e+00 2.722573518753052202e+00 2.554971933364868164e+00 8.327654600143431507e-01 3.173135995864868164e+00 2.742764472961425781e+00 2.403977394104003462e+00 1.006894230842590332e+00 1.842849999666213712e-01
6.639084815979003906e-01 9.775733947753906250e-01 -7.170343399047851562e-01 4.716010093688964844e-01 1.977018237113952859e+00 2.361290305852890015e-01 7.155537009239195667e-01 8.450460433959962048e-01 9.531260728836058460e-01 -2.127288281917571744e-01 5.763257145881651722e-01 8.088792562484741211e-01 1.245466589927673340e+00 1.027300238609313965e+00 5.811880230903625488e-01 9.111965894699095569e-01 9.117976427078248181e-01 4.597429931163787842e-01
3.687060773372649591e-01 9.496634602546689674e-01 1.368117094039916992e+00 6.096914410591124378e-01 1.317251801490783691e+00 -1.342609405517577903e+00 8.598877191543579102e-01 6.243557333946228027e-01 1.261829018592834473e+00 -7.271195948123931885e-02 3.929100632667542059e-01 7.324743866920471191e-01 1.654303669929504172e+00 1.373580574989318626e+00 4.233466982841492254e-01 1.030939340591430664e+00 1.049538135528564453e+00 4.363409876823424738e-01
4.661270678043364923e-01 8.431028723716735840e-01 -5.082800984382629395e-01 4.628300070762633167e-01 6.111955046653747559e-01 -1.723651528358459473e+00 4.584863483905792236e-01 -7.429682612419128418e-01 2.918781936168670654e-01 7.685533165931700550e-01 3.907942175865172230e-01 3.285031914710998535e-01 7.459467649459839977e-01 0.000000000000000000e+00 3.408264219760894775e-01 3.661477938294410012e-02 1.268189430236816406e+00 1.039619967341423035e-01
5.306784510612487793e-01 -1.674237847328185813e+00 -9.470017552375792347e-01 4.388335049152374268e-01 5.690048336982725941e-01 8.218640685081484154e-01 3.807968199253081720e-01 1.503832042217254639e-01 5.383688211441041149e-01 1.452948451042175293e-01 8.067469000816346325e-01 4.690541923046112061e-01 5.159405469894409180e-01 2.200164794921875278e-01 8.123818039894104004e-01 4.837701618671417791e-01 1.037546038627624290e+00 7.312879711389541626e-02
5.621909499168395996e-01 1.094897508621215820e+00 5.236921310424804688e-01 9.103273153305051490e-01 4.865741431713104248e-01 -9.913800358772275612e-01 2.906689345836639404e-01 1.097085237503051536e+00 3.734244406223296564e-01 1.210782527923583984e-01 6.140027642250061035e-01 4.794717729091643732e-01 6.929613947868347168e-01 5.386053919792175293e-01 6.194100379943847656e-01 4.052862524986267090e-01 1.047709226608276367e+00 7.773610204458238082e-02
7.100995779037475586e-01 1.729021668434143066e+00 4.594503939151763916e-01 7.316091060638426624e-01 7.547150850296019398e-01 1.108173012733459473e+00 8.597029447555543102e-01 -1.079622268676757812e+00 9.549214690923688020e-02 -5.441551804542541504e-01 6.935818791389464222e-01 1.070677995681762695e+00 1.369865059852600098e+00 2.149652957916260210e+00 6.948180198669433594e-01 1.620008230209350364e+00 7.650286555290222168e-01 2.706010043621063232e-01
4.705853760242463268e-01 -1.775803446769714578e+00 8.701021075248718262e-01 5.747810006141662598e-01 -1.997545003890991211e+00 -3.582081496715545654e-01 1.603251844644546509e-01 -1.621556997299194336e+00 2.406678944826126376e-01 1.819766610860824307e-01 4.299297928810119629e-01 3.382374942302703857e-01 6.981368660926818848e-01 5.825687646865843616e-01 4.079021215438842218e-01 4.575250744819641113e-01 3.035365343093872070e-01 6.224419921636581421e-02
1.071836829185485840e+00 2.082474231719970703e+00 3.355010449886322021e-01 1.375853180885314719e+00 3.372088372707366943e-01 -1.465129375457763672e+00 4.760168492794035755e-01 -4.459773302078247070e-01 7.072739005088806152e-01 2.134496718645096103e-01 1.556944608688354492e+00 7.664346694946290173e-01 4.368354976177216131e-01 5.673030018806457520e-01 1.565184593200683594e+00 5.614086389541625977e-01 1.107731103897094505e+00 1.653579995036125183e-02
4.948094785213471014e-01 -2.472359985113143366e-01 -1.097239553928375244e-01 7.217195034027098499e-01 -1.945183515548705611e+00 9.668377041816712536e-01 5.930841565132141113e-01 -1.229506850242614746e+00 2.073315531015395841e-01 -2.637650966644287664e-01 7.641701698303221546e-01 7.330641150474547230e-01 8.512708544731139026e-01 1.370801568031311257e+00 7.800120711326598011e-01 1.026186943054199219e+00 1.207098722457885520e+00 5.994759965687990189e-03
3.528511822223663330e-01 5.206799507141113281e-01 5.692974328994750977e-01 4.348476231098175604e-01 5.595463514328002236e-02 -1.578070640563965066e+00 1.239654898643493652e+00 -7.649125456809996448e-01 1.849578619003295898e+00 -9.218436479568480335e-01 3.317155838012695312e-01 8.166829347610472523e-01 2.184755563735961470e+00 1.214575409889221413e+00 4.737278223037719727e-01 1.074549913406372070e+00 1.568339109420776367e+00 4.581669867038726807e-01
4.326234459877014715e-01 4.641571342945097767e-01 -1.428953051567077637e+00 4.369991123676300049e-01 -6.012958884239195667e-01 1.494035124778747337e+00 5.281773805618287243e-01 -2.795776426792144775e-01 6.203874945640563965e-01 -8.542348444461822510e-02 4.348101913928985596e-01 6.221946477890014648e-01 1.269821286201476829e+00 1.317151546478271484e+00 4.172671437263488770e-01 9.818265438079833984e-01 7.647652029991149902e-01 9.676469862461090088e-02
6.969703435897828259e-01 1.241678953170776367e+00 4.780388176441192072e-01 7.356978654861450195e-01 -6.929457783699035645e-01 1.186194539070129395e+00 1.159715771675109863e+00 -1.115646004676819070e+00 1.740876436233520508e+00 -8.183435201644897461e-01 1.020136713981628418e+00 1.221426963806152122e+00 1.062489748001098411e+00 2.393255472183227095e+00 1.070343732833862305e+00 1.876142740249633567e+00 1.295695066452026367e+00 1.295029968023300171e-01
5.312513113021850586e-01 -2.354438751935958585e-01 -1.589800477027893288e+00 6.971980333328247070e-01 1.158305525779723899e+00 3.967461585998535156e-01 1.012971401214599609e-01 -1.057263970375061035e+00 1.237870380282401761e-01 2.929214537143707275e-01 6.782841086387634277e-01 2.534120678901672363e-01 3.315348923206328791e-01 2.998670339584350586e-01 6.731234192848205566e-01 2.518516182899475653e-01 4.371773898601531982e-01 1.011949963867664337e-02
5.646110773086547852e-01 1.382069349288940652e+00 -6.466813385486602783e-02 6.062349081039428711e-01 1.472746253013611062e+00 7.119924426078796387e-01 6.439266204833984375e-01 -1.468200802803039773e+00 9.666132926940915748e-01 -3.291180133819580078e-01 4.849571883678435169e-01 8.178841471672058105e-01 1.496595740318298118e+00 1.627031326293945312e+00 4.868395030498505194e-01 1.210336565971374290e+00 8.090659379959105335e-01 3.068419992923736572e-01
9.061789512634276234e-01 8.639239072799681507e-01 1.652852535247802734e+00 1.358225464820861594e+00 -1.284379363059997559e+00 2.745148725807666432e-02 5.381985902786254883e-01 -1.938800811767578125e-01 3.241584599018096369e-01 -8.727031946182250977e-02 1.754590392112732156e+00 7.959602475166320801e-01 4.025614559650420587e-01 4.186035096645355225e-01 1.769262671470642090e+00 5.905416607856750488e-01 1.362247586250305176e+00 5.083959922194481590e-02
6.675775051116943359e-01 7.660255767405033112e-03 -1.048768281936645508e+00 8.328775763511656605e-01 -1.670079708099365234e+00 1.052947402000427246e+00 3.234278857707976740e-01 2.729864716529846747e-01 2.127846330404281616e-01 -7.748595438897610578e-03 9.455990791320797451e-01 5.677449107170106091e-01 5.327984690666198730e-01 8.101187348365782581e-01 9.460552334785458095e-01 6.472770571708680309e-01 2.487670481204986017e-01 6.301479786634445190e-02
5.525384545326231800e-01 2.341194897890090942e-01 2.249311506748199740e-01 8.881180286407469593e-01 -1.414146304130554199e+00 -1.100589156150817871e+00 4.174712300300598700e-01 -7.921563088893890381e-02 3.345288932323455811e-01 6.677204370498657227e-01 8.704954385757446289e-01 4.459182322025299072e-01 4.545749723911283735e-01 0.000000000000000000e+00 8.518003821372985840e-01 1.741797775030136108e-01 9.486659169197080299e-01 4.865260049700737000e-02
1.026804208755493164e+00 -5.073380470275878906e-01 -5.608420968055725098e-01 1.105147600173950195e+00 9.938314557075500488e-01 1.397435784339905007e+00 2.197578996419906616e-01 -7.627710700035095215e-01 1.219482943415641507e-01 5.340496301651002087e-01 1.250029802322387695e+00 4.076629281044006348e-01 2.893991172313690186e-01 0.000000000000000000e+00 1.229134321212768111e+00 1.993215531110763550e-01 1.116141304373741150e-01 2.419720031321049084e-02
5.247000455856324352e-01 1.681493401527404785e+00 -1.223603129386901855e+00 8.226729035377503552e-01 -1.065121769905090332e+00 1.037775874137878418e+00 6.924442648887634277e-01 -4.719395935535429798e-01 1.013864755630493164e+00 -1.842273324728012363e-01 1.426137566566467063e+00 7.689983844757080078e-01 4.784980118274689276e-01 1.257066965103149636e+00 1.442433595657348633e+00 9.992854595184326172e-01 1.123862624168396218e+00 2.715249918401240956e-02
8.157764673233032227e-01 -1.733017802238464133e+00 -1.721524357795715110e+00 1.074747920036315918e+00 -3.317751288414001465e-01 -3.870058059692383368e-01 5.850822925567625843e-01 4.775287210941315252e-01 8.732571601867674671e-01 -2.701294422149658203e-01 1.033629655838012695e+00 8.596562743186949573e-01 7.380308508872985840e-01 1.305257320404052734e+00 1.045754790306091309e+00 1.006262779235839844e+00 1.414907813072204590e+00 8.283939957618713379e-02
5.555480122566224255e-01 -6.814457178115844727e-01 1.617196440696716531e+00 6.339065432548521839e-01 -2.803148925304412842e-01 -6.489399671554565430e-01 7.475441694259643555e-01 9.099020361900328480e-01 1.078897714614867942e+00 -1.615687273442745209e-02 5.006192922592163086e-01 7.331671714782713734e-01 1.299608111381530762e+00 1.229497075080871582e+00 5.259773135185241699e-01 9.366652369499206543e-01 1.091326117515563965e+00 1.289349943399429044e-01
1.312020659446716309e+00 -1.503608107566833274e+00 1.324713468551635298e+00 9.767538905143735573e-01 -1.432278394699096680e+00 -3.030912578105926514e-01 6.370353102684019886e-01 -1.627397239208221436e-01 2.294142842292785367e-01 -2.174273282289504727e-01 9.901738762855527565e-01 1.007863163948059304e+00 9.032482504844664417e-01 0.000000000000000000e+00 9.835520982742306240e-01 5.300973728299140930e-02 7.465311884880067028e-01 3.747459948062896729e-01
9.861065745353697620e-01 8.730277419090272384e-02 1.256007671356201172e+00 4.759318828582764782e-01 -1.663678884506225586e+00 -4.940860867500305176e-01 2.528509199619293213e-01 -1.567138582468032837e-01 2.140443474054336270e-01 1.010766550898551941e-01 9.672504663467408337e-01 5.464256405830383301e-01 5.013117790222167969e-01 1.076651290059089661e-01 9.316301345825196423e-01 6.101098060607910156e-01 2.399631291627883911e-01 1.841340065002441129e-01
5.299845933914184570e-01 -1.185684084892272727e+00 8.300062417984007679e-01 7.847173810005189099e-01 1.012985110282897949e+00 2.983767390251160223e-01 9.245731830596926049e-01 -1.202247619628906250e+00 1.387898445129394309e+00 -6.076142191886901855e-01 1.042767167091369629e+00 1.047604441642761230e+00 8.915098309516904518e-01 2.238363504409790039e+00 1.064043521881103516e+00 1.670199990272521973e+00 1.294626116752624290e+00 1.248989999294281006e-02
1.363656640052795410e+00 8.604846000671385609e-01 1.483285784721374290e+00 1.392004489898681641e+00 -6.968061923980712891e-01 -4.474343657493590753e-01 4.163401722908020020e-01 -2.549874484539031982e-01 2.064038813114166537e-01 -5.590571835637093284e-02 1.657202720642090066e+00 8.550372123718259498e-01 4.578536748886107843e-01 4.087224900722503662e-01 1.652307033538818581e+00 7.387611269950865589e-01 4.648329019546508789e-01 1.100519970059394836e-01
6.904101967811584473e-01 1.371490716934204102e+00 -4.852093756198883057e-01 5.250971317291259766e-01 1.513533234596252441e+00 -9.993269108235837764e-03 1.064088821411132812e+00 1.528487205505370872e+00 1.597326636314392090e+00 -7.232701778411866345e-01 5.267407894134521484e-01 1.131825208663940430e+00 1.906776785850524902e+00 2.274887084960937056e+00 5.857402086257934570e-01 1.695381641387939675e+00 1.211151719093322754e+00 6.901789903640748181e-01
6.017072200775145374e-01 -8.092864155769347034e-01 1.614678382873535378e+00 5.115516781806944691e-01 -1.512797713279723899e+00 8.258556723594665527e-01 4.596299827098846991e-01 3.451879620552062433e-01 5.327839851379394531e-01 1.783677190542221069e-01 5.150413513183593750e-01 5.704604387283325195e-01 9.828771948814394310e-01 7.190329432487487793e-01 4.410706758499145508e-01 6.515600085258483887e-01 6.394879817962646484e-01 4.276219904422759455e-01
6.435532569885252796e-01 7.275605797767639160e-01 -1.618692040443420410e+00 8.591092228889466442e-01 -8.061606287956236683e-01 3.586778044700622003e-01 5.128668546676635742e-01 -7.630966901779173694e-01 7.694228291511534534e-01 -6.718280911445617676e-02 8.761030435562131569e-01 6.656370759010313831e-01 6.742138862609864391e-01 8.741881847381590687e-01 8.919408917427064099e-01 7.011355757713316761e-01 1.226305484771728294e+00 2.571289893239736123e-03
5.937288403511048474e-01 1.010887101292609891e-01 -5.869560837745666504e-01 6.183059811592102051e-01 -1.858485698699951172e+00 -1.101185441017150879e+00 1.135773897171020508e+00 1.379010915756225586e+00 1.704936742782592551e+00 -5.141665339469909668e-01 8.843280673027038574e-01 1.069373726844787820e+00 1.073081135749816895e+00 2.071122646331787109e+00 9.220612645149232067e-01 1.674051284790039062e+00 1.052709817886352317e+00 1.610909998416900635e-01
4.671646356582642157e-01 -1.530971527099609375e+00 8.489320427179336548e-02 6.084784865379333496e-01 -6.369035243988037109e-01 -1.168686747550964494e-01 5.924639105796813965e-01 1.451682090759276900e+00 8.893613815307617188e-01 -2.008170187473296842e-01 4.932740926742554266e-01 7.592505216598509632e-01 1.365881800651550293e+00 1.662238478660583496e+00 4.487144351005554199e-01 1.239291667938232422e+00 5.973505377769471325e-01 1.089119985699653625e-01
1.744421482086181863e+00 -8.498654961585998535e-01 1.619775176048278809e+00 2.326193332672118697e+00 1.104891747236251831e-01 -1.994482725858688354e-01 6.770960688591003418e-01 1.402532905340194980e-01 5.768553018569946289e-01 -3.628049492835999645e-01 1.906875610351562500e+00 1.235228538513183816e+00 5.748313069343568005e-01 7.041651010513305664e-01 1.925757050514220747e+00 7.052271962165832520e-01 1.541355371475219505e+00 1.195629984140395979e-01
6.395291090011596680e-01 1.083612442016601562e+00 -1.615389823913574219e+00 4.487873911857604980e-01 5.132549405097962536e-01 -3.126529157161712646e-01 5.716086030006408691e-01 8.118701577186584473e-01 6.871183514595031738e-01 -6.394165009260177612e-02 4.962144196033477783e-01 6.670416593551635742e-01 1.192889451980590598e+00 1.027117729187011497e+00 5.047606825828552246e-01 8.082497715950013317e-01 9.668340682983399548e-01 2.623940110206604004e-01
4.588450193405150812e-01 1.903351306915283203e+00 -1.500199079513549805e+00 5.672121047973632812e-01 4.683794677257536732e-01 9.058371782302856445e-01 1.294201970100403054e+00 8.321356028318405151e-02 1.938135385513305664e+00 -8.488741517066955566e-01 5.719608068466186523e-01 9.968653917312622070e-01 1.546629309654236062e+00 1.682610750198364258e+00 6.942130327224731445e-01 1.432505488395690918e+00 1.424189448356628418e+00 3.007340133190155584e-01
5.254142284393310547e-01 -1.017694830894470215e+00 -1.018269777297973633e+00 6.854868531227111816e-01 -8.873926401138304554e-01 9.345514178276062012e-01 6.333980560302734375e-01 -9.306482672691344105e-01 1.378866583108901978e-01 6.844545602798460804e-01 4.889491796493529163e-01 5.690410137176512562e-01 1.032751798629760742e+00 1.846396476030349454e-01 5.001617074012756348e-01 1.636790633201599121e-01 1.316492676734924538e+00 2.830109894275664728e-01
4.554701149463654120e-01 -6.004354953765869141e-01 -1.606880307197570801e+00 6.995916366577149548e-01 7.043991088867187500e-01 4.646483957767487127e-01 2.162004858255386353e-01 9.266748428344727673e-01 2.385095804929732444e-01 4.975316226482390802e-01 6.028021574020384632e-01 2.984827458858489435e-01 4.394006729125977118e-01 0.000000000000000000e+00 5.901853442192077637e-01 9.078969806432725387e-02 7.156209945678710938e-01 4.659920185804368453e-02
1.038733005523681641e+00 -8.186230063438414417e-01 -1.681351184844970925e+00 6.905977129936218262e-01 -3.608927428722381592e-01 -3.896127641201018732e-01 7.922399044036865234e-01 6.066501140594482422e-01 1.189247965812683105e+00 -3.329331874847412109e-01 7.801939249038696289e-01 1.028595328330993652e+00 1.169920206069946289e+00 1.508106350898742898e+00 7.823349237442015491e-01 1.162703394889831543e+00 8.718945384025572620e-01 3.424330055713653009e-01
7.990380525588989258e-01 3.563260138034820557e-01 1.213261246681213157e+00 4.908038377761840820e-01 1.321090698242187500e+00 4.738009572029113770e-01 6.268339753150939941e-01 -1.121794462203979492e+00 9.409551024436951794e-01 -1.297791600227355679e-01 6.518209576606750488e-01 8.300737738609316185e-01 1.130067825317382590e+00 1.616378545761108398e+00 5.923712253570556641e-01 1.226505041122436523e+00 6.191158890724183239e-01 2.730590105056762140e-01
7.152313590049742542e-01 -1.560806989669799583e+00 -5.506129860877990723e-01 1.162318825721740723e+00 -1.572680592536926270e+00 8.300019502639770508e-01 5.730497837066650391e-01 1.492667555809020996e+00 7.983655333518981934e-01 -1.422008275985717496e-01 7.356591224670410156e-01 7.989225983619692162e-01 9.637033343315124512e-01 1.101358294486999512e+00 7.506637573242187500e-01 8.206536769866943359e-01 1.074353456497192383e+00 1.532630026340484619e-01
4.964300990104674738e-01 1.093717068433761735e-01 1.120992541313171165e+00 8.283324837684631348e-01 6.318064332008360706e-01 -1.490368396043777188e-01 4.989108443260192871e-01 -1.279610157012939231e+00 7.489266991615295410e-01 -1.833600103855132779e-01 5.434877872467039905e-01 6.628469228744506836e-01 1.082279682159423828e+00 1.113055109977721724e+00 5.619934201240539551e-01 8.363949656486510120e-01 1.471950531005859375e+00 1.419609971344470978e-02
2.501253128051757812e+00 -1.035143852233886719e+00 9.926814436912535511e-01 2.516463994979858398e+00 -1.829718232154846413e+00 -5.469057559967041016e-01 6.836031675338744007e-01 -1.634504914283752441e+00 9.375319480895998314e-01 6.115823611617087624e-02 2.336812019348144087e+00 1.387396931648254395e+00 5.268552303314208984e-01 1.658675551414489524e+00 2.298552036285400391e+00 1.279827356338500755e+00 5.555577278137207031e-01 8.894550055265425248e-02
5.879949331283569336e-01 -1.409504860639571866e-01 -1.193745255470275879e+00 8.968633413314819336e-01 -1.207484841346740723e+00 1.227179095149040222e-01 6.732627153396606445e-01 8.909932374954222523e-01 9.923519492149351917e-01 -2.937754988670349121e-01 7.141609787940979004e-01 7.989998459815980114e-01 9.928091168403624378e-01 1.207823514938354492e+00 7.446008920669554554e-01 9.419049024581905849e-01 1.281544566154480203e+00 1.352210044860840121e-01
2.846804559230804443e-01 5.628887414932250977e-01 -6.254063248634337269e-01 4.637086093425750732e-01 1.533922553062438521e+00 4.838860034942626953e-01 8.600381612777709961e-01 1.515312790870666282e+00 1.291023373603820801e+00 -5.200026631355285645e-01 3.465944826602936346e-01 6.808133721351623535e-01 1.743100404739379883e+00 1.240535736083984375e+00 4.353353679180144709e-01 1.006845712661743164e+00 1.497257351875305176e+00 1.403670012950896939e-01
5.035046339035034180e-01 7.873486280441283069e-01 -1.471445560455322266e+00 6.088663935661315918e-01 1.261603355407714844e+00 -1.501009702682495339e+00 5.555386543273925781e-01 -2.179658263921737393e-01 8.339303135871886097e-01 -4.724080488085746765e-02 4.722154736518859863e-01 7.088747620582579456e-01 1.332126259803771973e+00 1.545874357223510742e+00 3.754789233207703192e-01 1.153138399124145508e+00 6.007045507431030273e-01 3.495399951934814453e-01
9.843688011169432484e-01 -4.678041636943817139e-01 -1.346049904823303223e+00 1.356414675712585449e+00 -3.146266341209412176e-01 6.132287979125975452e-01 5.393262505531311035e-01 1.312642693519592507e+00 7.697445750236511230e-01 7.747538685798643909e-01 9.399982094764708362e-01 7.038395404815673828e-01 6.644517779350280762e-01 0.000000000000000000e+00 9.238193035125732422e-01 2.017271220684051514e-01 1.123087406158447266e+00 6.894019991159439087e-02
4.944733977317810059e-01 -1.466776132583617942e+00 -1.139236807823180930e+00 5.086158514022828259e-01 -1.981381893157958762e+00 2.741046249866485041e-01 4.811694025993347168e-01 1.023619413375854492e+00 7.041724920272827148e-01 -1.607336252927779874e-01 4.384711384773254395e-01 5.753154158592224121e-01 1.164341807365417480e+00 7.460254430770874023e-01 4.651048183441160999e-01 5.976213812828063965e-01 1.465404748916625977e+00 2.776049971580504816e-01
7.526419758796690784e-01 4.109904468059539795e-01 1.364190936088562012e+00 7.669910192489624023e-01 -2.008798360824584961e+00 -1.100478649139404297e+00 5.793870091438292347e-01 3.236095905303955078e-01 6.837859153747559704e-01 -1.499812602996825894e-01 1.404053330421447532e+00 8.197076320648193359e-01 5.180721879005432129e-01 1.565444827079772505e+00 1.394672751426696777e+00 1.178749442100524902e+00 6.438906788825988770e-01 1.922059990465641022e-02
7.494478225708005592e-01 9.262524247169495739e-01 3.172295689582825262e-01 9.394476413726805530e-01 3.429672718048096258e-01 -1.420492768287658691e+00 1.170730143785476685e-01 3.570939600467681330e-01 1.058755908161401575e-02 4.339373707771301270e-01 7.238377928733824573e-01 2.876583933830261230e-01 3.526560664176940918e-01 0.000000000000000000e+00 7.197077274322509766e-01 1.822744682431220661e-02 5.486370250582695007e-02 2.149510011076927532e-02
1.029364466667175293e+00 -1.716586351394653098e+00 1.554691910743713157e+00 8.186785578727721058e-01 -3.270497024059296209e-01 -5.160405635833740234e-01 7.234871983528138317e-01 -4.287226796150208075e-01 1.580628454685211182e-01 -1.476772725582123080e-01 1.043965816497802734e+00 9.464651346206661708e-01 8.045177459716796875e-01 2.081529945135116577e-01 1.045741438865661621e+00 8.074287176132201038e-01 8.981487154960632324e-01 2.558020055294036865e-01
1.430709719657897949e+00 -1.374859064817428589e-01 -1.499420404434204102e+00 1.077413678169250710e+00 -8.850693702697753906e-03 3.378374874591827948e-01 8.792709708213806152e-01 -9.380394965410232544e-02 9.410595297813415527e-01 -4.743054509162903942e-01 1.085963129997253418e+00 1.247586250305175559e+00 1.019463539123535156e+00 7.637740969657900170e-01 1.102954030036926270e+00 6.706786751747131348e-01 1.001863241195678711e+00 3.789330124855041504e-01
2.840948343276977095e+00 -4.607739672064780495e-02 -1.686050415039062500e+00 1.059865236282348633e+00 -1.138521283864974698e-01 1.602882593870162964e-01 3.871420383453368697e+00 3.871492445468903143e-01 2.259209632873535600e+00 -2.762601852416992188e+00 1.816547513008117676e+00 3.581711530685424805e+00 1.749684929847717285e+00 0.000000000000000000e+00 2.111660003662109375e+00 9.248063564300535999e-01 1.217125058174133301e+00 7.440350055694578968e-01
1.136287689208984375e+00 1.062850236892700195e+00 -5.417621731758117676e-01 1.162440896034240723e+00 7.177860736846923828e-01 1.091615796089172363e+00 7.611467242240905762e-01 1.665666699409484863e+00 9.788647294044493519e-01 -3.249728679656982422e-01 9.731777906417845569e-01 1.035424232482909934e+00 9.441537857055664062e-01 7.749295234680173561e-01 1.001392960548400879e+00 7.320730686187744141e-01 1.222738623619080034e+00 2.556470036506652832e-01
3.602910518646239790e+00 -6.365519165992736816e-01 9.548496007919311523e-01 4.403228282928466797e+00 -3.046098947525024414e-01 -6.126178503036499023e-01 3.943799734115600586e-01 -1.576465129852294700e+00 2.107598334550857266e-01 5.258613452315330505e-02 3.312573909759521040e+00 1.333290219306945801e+00 3.571704328060150146e-01 1.494548797607421653e+00 3.277638912200928178e+00 1.198949456214904785e+00 2.530279159545897882e-01 7.717649638652801514e-02
1.145406723022460715e+00 8.612414598464965820e-01 9.327170848846435547e-01 1.059936046600341797e+00 -9.209464788436888538e-01 -1.575039744377136453e+00 1.279595971107482910e+00 -5.244166254997253418e-01 1.920831322669982910e+00 -9.678663015365598365e-01 1.474315166473388672e+00 1.554778337478637695e+00 9.358259439468383789e-01 2.770462274551392490e+00 1.504977226257323997e+00 2.212002754211425781e+00 1.448553800582885742e+00 1.430550068616867065e-01
1.189698338508605957e+00 -1.313026845455169400e-01 2.419750839471816461e-01 1.801854848861694336e+00 5.988531708717345081e-01 -1.678893566131591575e+00 1.047222971916198508e+00 7.167358994483947754e-01 8.005220890045166016e-01 1.334995508193969505e+00 1.298906803131103738e+00 1.114989519119262695e+00 7.617425322532652698e-01 0.000000000000000000e+00 1.302055597305297630e+00 5.357152819633483887e-01 1.490442991256714089e+00 8.971510082483291626e-02
7.455662488937380150e-01 -7.370292544364929199e-01 -8.662577867507934570e-01 1.237567782402038130e+00 8.177787661552429199e-01 -9.082736968994139515e-01 2.497974634170531782e+00 -1.318741083145141602e+00 2.572616100311279741e+00 2.074557304382323775e+00 1.137850403785705566e+00 8.382964134216307484e-01 6.537755727767944336e-01 1.838522911071777122e+00 9.565834403038026013e-01 1.540191531181335227e+00 1.084881544113159402e+00 1.989899948239326477e-02
4.729672968387603205e-01 -1.912535905838012695e+00 -5.359926819801330566e-01 7.808515429496765137e-01 -1.504633665084838645e+00 1.275804519653320090e+00 1.925516843795776367e+00 -1.676214486360549927e-01 1.212701678276062234e+00 -5.201905965805053711e-01 5.023888349533079944e-01 1.084844231605529563e+00 1.916206598281860796e+00 6.552507281303405762e-01 6.682603955268859863e-01 9.245105385780334473e-01 1.555217027664184348e+00 5.612310171127318226e-01
1.089318752288818359e+00 5.497620701789855957e-01 -7.852818369865417480e-01 6.233526468276977539e-01 6.803429722785948597e-01 8.465425372123718262e-01 6.660886406898498535e-01 7.337239384651185192e-01 2.140973955392836969e-01 -2.719946503639221191e-01 7.657086253166197620e-01 9.411262273788454369e-01 1.090690493583679421e+00 0.000000000000000000e+00 7.646242976188658558e-01 1.157877519726753235e-01 8.173849582672118030e-01 4.887740015983580988e-01
1.888686537742614746e+00 -5.268472433090209961e-01 1.305468916893004927e+00 2.203596353530883789e+00 -1.081573367118835449e+00 -5.377057194709778942e-01 5.205289721488953747e-01 7.729764580726623535e-01 6.471068859100341797e-01 4.175324738025664728e-01 1.769481897354125977e+00 1.006000399589538352e+00 5.045074224472044788e-01 8.735330104827880859e-01 1.754466414451599343e+00 6.648427844047546387e-01 7.334750294685362659e-01 3.106150031089782368e-02
3.172190427780151811e+00 -5.873475670814514160e-01 -1.568325161933898704e+00 2.991080045700072798e+00 -9.050364047288894653e-02 -3.033744692802429199e-01 1.663271903991699219e+00 -1.043737456202507019e-01 8.526994585990905762e-01 -4.540254175662993830e-01 2.692830324172973633e+00 2.525891065597534180e+00 8.323806524276733398e-01 1.381711602210998091e+00 2.573987483978271484e+00 1.774292707443237305e+00 6.538563370704649769e-01 3.159500062465667725e-01
1.129470348358154297e+00 -2.231589853763580600e-01 6.579396128654478593e-02 1.632488250732421653e+00 -8.376261591911315918e-01 -1.668679952621459961e+00 2.977381348609924316e-01 -1.557655811309814231e+00 8.368519693613053756e-02 2.235575765371322632e-02 1.176417946815490723e+00 6.521622538566589355e-01 4.919380545616149902e-01 1.224214024841785257e-02 1.184785842895508035e+00 1.617064625024795532e-01 1.476991653442382812e+00 1.006330028176307539e-01
1.406113862991332786e+00 -6.311978101730345569e-01 4.327527582645415705e-01 1.587514638900756836e+00 -1.639145731925964578e+00 -1.488504886627197266e+00 6.422836184501646839e-01 -2.819641530513762873e-01 8.949479460716246448e-01 1.373230963945389072e-01 1.464172244071960449e+00 1.011675596237182617e+00 6.131482124328613281e-01 1.180268645286560059e+00 1.461564660072326660e+00 9.134281873703001819e-01 8.848645687103270374e-01 2.966650016605854381e-02
1.057567000389099121e+00 1.588890142738819122e-02 1.461020708084106223e+00 1.298847079277038352e+00 1.684268355369567871e+00 -1.166160941123962402e+00 9.638906121253968395e-01 2.060017287731170377e-01 1.446917057037353294e+00 -6.237697601318359375e-01 1.479763031005859375e+00 1.381540060043334517e+00 8.284913301467894398e-01 2.773953437805175781e+00 1.451745033264159934e+00 2.083057641983031782e+00 4.218854606151580811e-01 4.315700009465216896e-02
3.166359424591064009e+00 7.782457470893859863e-01 1.509968519210815430e+00 1.734718918800353782e+00 -1.517328739166259322e+00 1.368991971015929732e+00 8.908370971679685724e+00 1.338086247444152832e+00 8.964164853096008301e-01 8.967247962951660156e+00 4.161544799804688388e+00 9.655637145042420544e-01 2.058935314416885098e-01 4.952582418918610174e-01 3.740684747695922407e+00 3.785717010498047319e+00 1.413504362106323242e+00 6.293530017137528854e-02
4.332791268825531006e-01 7.543276548385619007e-01 3.032680451869965155e-01 5.195255279541015625e-01 -3.755070967599749999e-03 -1.186345458030700906e+00 4.620392024517059881e-01 -9.297541379928587757e-01 3.031677007675170343e-01 3.318387567996978760e-01 4.272465109825134277e-01 4.637436866760252796e-01 9.631993174552916370e-01 0.000000000000000000e+00 4.382632076740264893e-01 2.247031629085540771e-01 1.197715640068054199e+00 2.832190096378326416e-01
3.269631862640380859e+00 1.835965812206268588e-01 6.077381316572427750e-03 1.524381756782531516e+00 1.033077836036681907e+00 1.340018272399902344e+00 2.386782884597778320e+00 6.981859207153320312e-01 3.304502248764037642e+00 1.584015130996704102e+00 2.391330003738403320e+00 2.045493364334106001e+00 7.590562701225279651e-01 0.000000000000000000e+00 2.066251993179320845e+00 1.398628950119018333e+00 7.965822815895079456e-01 2.635610103607177734e-01
9.040376543998718262e-01 -5.750624462962151268e-02 -1.155223250389099121e+00 1.472857236862182617e+00 3.725931942462921143e-01 9.218698740005492054e-01 3.235658407211303711e-01 -9.450036287307738148e-01 1.745240986347198486e-01 3.142226934432983398e-01 9.622555375099184349e-01 6.043190956115721546e-01 5.573049783706665039e-01 4.165333807468414307e-01 9.385117888450623669e-01 5.003791451454162598e-01 5.975887179374695934e-01 8.887259662151336670e-02
8.187376260757446289e-01 -1.110338330268860085e+00 8.438059687614440918e-01 5.939601659774780273e-01 -3.334845006465912420e-01 -7.147601842880247913e-01 4.270511567592620850e-01 -1.218429803848266380e+00 5.118993520736694336e-01 -8.182482421398164230e-02 6.682209968566894531e-01 6.642718315124511719e-01 8.821469545364379883e-01 5.378934144973753773e-01 6.669837236404418945e-01 5.062662959098817028e-01 7.422854900360108532e-01 3.070429861545562744e-01
6.262674331665039062e-01 5.904087051749228737e-02 3.748288154602050226e-01 8.362119793891904518e-01 -1.533555537462234220e-01 7.826905697584152222e-02 1.255948245525360385e-01 -1.524060487747192383e+00 1.254606246948241910e-01 1.905464679002761563e-01 5.923128128051757812e-01 4.185821712017058771e-01 6.271122097969055176e-01 9.097005128860472523e-01 3.028129637241364081e-01 8.221465945243835449e-01 1.271583978086709976e-02 1.603479981422424316e-01
4.139066696166992188e+00 -5.844573378562927246e-01 9.897878170013427734e-01 6.321579217910766602e-01 -1.064759373664855957e+00 -6.473333835601806641e-01 4.469920635223388672e+00 -5.772379636764526367e-01 2.651793323457241058e-02 -3.963006734848022461e+00 2.394753217697143999e+00 4.789783000946044922e+00 1.774888753890991433e+00 0.000000000000000000e+00 2.636444091796875000e+00 1.273419618606567383e+00 1.173006772994995117e+00 8.525230288505554199e-01
2.707822799682616743e+00 4.231819808483123779e-01 -6.858732104301452637e-01 1.143362402915954590e+00 -4.893886670470237038e-02 1.024271726608276367e+00 1.503598690032958762e+00 -5.271033644676207386e-01 6.124047040939331055e-01 1.776549816131591575e+00 1.817646384239196777e+00 1.165015339851379395e+00 5.687723755836485706e-01 0.000000000000000000e+00 1.488105416297912376e+00 3.727958500385284979e-01 5.135115981101989746e-01 6.444410234689712524e-02
6.603718996047972523e-01 -3.885009884834290106e-01 -1.348054528236389160e+00 6.503620743751524769e-01 -1.652343153953552468e+00 -3.568577021360397339e-02 8.273305296897888184e-01 6.187703013420104980e-01 1.145388841629028320e+00 -4.978426396846771240e-01 7.087798118591308594e-01 8.874207735061645508e-01 1.111056685447692871e+00 1.151478290557861106e+00 7.581838369369507946e-01 1.018261790275573508e+00 1.454826116561889648e+00 2.701019942760467529e-01
1.426495790481567161e+00 7.620666027069091797e-01 1.311151266098022461e+00 7.035924196243287243e-01 2.663058694452048215e-03 -6.391347646713256836e-01 2.047608852386474609e+00 5.797017365694046021e-02 2.747812747955322266e+00 -1.246511459350585715e+00 1.036226987838745339e+00 1.851308822631835938e+00 1.585414171218872070e+00 1.704335093498229980e+00 1.189341306686401145e+00 1.791642546653747337e+00 1.247498273849487305e+00 5.564519762992857776e-01
1.438488125801086426e+00 -1.088331580162048118e+00 3.536063134670257568e-01 2.127194404602050781e+00 -9.127577766776084900e-03 -1.148941278457641602e+00 5.660843253135681152e-01 1.341408729553222656e+00 8.497623801231384277e-01 -2.274121046066283902e-01 1.713019251823425293e+00 1.081716537475585938e+00 5.603597164154051624e-01 1.399520158767700195e+00 1.720793247222900391e+00 1.046496033668518288e+00 9.172490835189821556e-01 2.328070066869258881e-02
1.008846282958984375e+00 1.574747800827026367e+00 -1.152528285980224609e+00 1.417430281639099121e+00 -8.928440511226655441e-02 1.238251328468322754e+00 7.637144923210144043e-01 1.557518124580383301e+00 6.160571575164794922e-01 9.737672805786129482e-01 1.480528831481933372e+00 6.797844171524046741e-01 4.074461460113524280e-01 0.000000000000000000e+00 1.388148665428161621e+00 3.985314369201660156e-01 6.139886975288392224e-01 5.380740016698836586e-02
1.484102487564086692e+00 -1.949226669967174530e-02 1.140303373336792214e+00 1.354940295219421165e+00 -5.774696469306944691e-01 -1.118780493736267090e+00 4.574008882045745850e-01 8.009532094001768909e-01 4.023038148880004883e-01 4.835713207721709095e-01 1.261145114898681641e+00 7.318331599235533558e-01 5.149469971656799316e-01 9.487009644508361816e-01 1.132426142692565918e+00 9.461656212806700550e-01 4.010639786720275879e-01 4.230159893631935814e-02
2.045465946197509766e+00 4.089083373546599232e-01 -1.421575546264648215e+00 8.917117714881896973e-01 6.930848956108093262e-01 4.011120796203612726e-01 2.495420694351195845e+00 1.246324181556701660e+00 3.724163293838500977e+00 7.229900360107419655e-01 1.361050367355346458e+00 1.917835593223571999e+00 1.250409007072448730e+00 0.000000000000000000e+00 1.330691933631896751e+00 1.847432374954224077e+00 1.046447753906250000e+00 4.028770029544830322e-01
4.064681053161621094e+00 1.477672815322876199e+00 1.046952486038208008e+00 6.534501075744628906e+00 1.955708414316177368e-01 -7.846549749374388538e-01 1.459154009819030762e+00 -1.521295428276062234e+00 1.523735880851745605e+00 1.672107934951782227e+00 5.417608261108398438e+00 2.593272209167480469e+00 4.247737228870392401e-01 0.000000000000000000e+00 5.430696010589599609e+00 8.269389867782591663e-01 1.389211058616637962e+00 1.490790024399757212e-02
1.430098652839660645e+00 -9.929131865501406029e-01 -6.630874425172805786e-02 1.106459021568298340e+00 -6.951906681060791016e-01 7.180985808372497559e-01 2.902231216430663618e+00 -3.207303881645202637e-01 1.985802769660949707e+00 2.185036897659302202e+00 1.105336785316467285e+00 1.371114373207092285e+00 1.100761532783508301e+00 1.957408905029296875e+00 8.816065788269042969e-01 1.472827672958374245e+00 1.054868102073669434e+00 4.374539852142333429e-01
1.853180408477783203e+00 -1.854849100112915261e+00 -1.293540477752685547e+00 2.195024490356445312e+00 -1.717366576194763184e+00 8.972963094711301490e-01 1.143924117088317649e+00 -1.892527937889099121e-01 5.260831490159034035e-02 -7.534535527229309082e-01 1.654532194137573242e+00 1.790394783020019309e+00 9.602584242820737526e-01 2.952744483947753462e+00 1.645996928215027078e+00 2.196443796157836914e+00 7.068814039230345569e-01 1.115769967436790328e-01
8.123964071273803711e-01 2.247920781373977384e-01 1.532504200935363547e+00 6.287892460823059082e-01 5.524865388870239258e-01 -2.276187241077423373e-01 2.145403385162353072e+00 1.675435543060302734e+00 7.911136150360108532e-01 2.425312757492064986e+00 6.312951445579528809e-01 1.013303756713867188e+00 1.424371600151062012e+00 0.000000000000000000e+00 6.872110366821289062e-01 4.805329144001007080e-01 1.533203601837158203e+00 4.781720042228698175e-01
4.116126537322998047e+00 6.413627862930297852e-01 -7.419594377279283004e-02 5.418934345245360440e+00 1.605654209852218628e-01 -1.726815104484558105e+00 6.620671749114990234e-01 1.285206794738769531e+00 2.953544026240706444e-03 -3.327819108963013250e-01 3.991371154785155806e+00 1.871509552001952903e+00 4.160882532596588135e-01 1.228165864944458008e+00 3.995565176010131836e+00 9.765512943267822266e-01 2.804463207721710760e-01 9.076630324125288529e-02
3.146843314170836847e-01 1.535578012466430886e+00 -3.872309923171997070e-01 5.162939429283142090e-01 -8.834360539913177490e-02 1.138154417276382446e-01 3.330442905426024947e+00 3.959860205650329590e-01 2.394475460052490234e+00 2.237864971160888672e+00 4.893314242362976074e-01 7.962449789047242321e-01 1.443975210189819114e+00 1.108244776725769043e+00 6.342930793762207031e-01 1.541946887969970925e+00 1.359775185585021973e+00 4.162679910659790039e-01
2.440578222274779829e+00 3.307824432849884033e-01 -1.132593631744384766e+00 1.686164379119873047e+00 4.664360582828521729e-01 3.106442093849182129e-01 1.530210852622986062e+00 3.241752982139587957e-01 2.948152646422385476e-02 -7.262397408485411487e-01 1.806277990341186301e+00 2.102828264236449751e+00 1.033084273338317871e+00 3.934597596526145935e-02 1.785001277923583984e+00 4.416102468967437744e-01 8.176079392433166504e-01 4.481799900531768799e-01
8.333423733711241566e-01 4.039814174175262451e-01 1.459468960762023926e+00 6.035519242286682129e-01 -6.790143251419067383e-01 -1.191060304641723411e+00 9.426841139793395996e-01 8.603948950767515980e-01 1.258749961853027344e+00 3.948439955711364746e-01 7.410537004470825195e-01 8.155563473701477051e-01 9.766123294830322266e-01 1.575837373733520508e+00 6.609241962432860218e-01 1.173905730247497781e+00 8.474237322807310901e-01 4.560260102152824402e-02
6.081617474555969238e-01 -1.756453990936279075e+00 -7.750604748725891113e-01 5.464707016944884144e-01 3.307501375675201416e-01 7.721317410469055176e-01 7.292326092720030628e-01 4.165825247764587402e-01 6.673668026924133301e-01 1.484352201223373413e-01 8.864126205444337048e-01 6.816471815109252930e-01 6.823989748954771839e-01 0.000000000000000000e+00 9.069141149520871803e-01 7.115526795387268066e-01 1.211420297622680664e+00 1.324599981307983121e-01
1.010706186294555664e+00 -1.350060552358627319e-01 1.279813408851623535e+00 1.155210733413696289e+00 -3.519700467586516779e-01 5.472716316580773094e-02 1.772456884384155273e+00 -8.439362049102783203e-01 2.660676479339600053e+00 -1.464056611061095969e+00 8.954367637634277344e-01 1.677013039588928223e+00 1.661952257156372070e+00 2.711101531982421875e+00 1.058959960937500000e+00 2.134466648101806197e+00 1.578740477561950906e+00 3.419159948825836182e-01
1.154552578926086426e+00 -1.132423952221870561e-01 -1.680760383605957253e+00 1.298311233520508035e+00 4.125019609928131104e-01 4.443822205066680908e-01 1.777884244918823020e+00 -4.794158935546875000e-01 2.668823480606079546e+00 -1.411789774894714355e+00 1.056606292724609153e+00 1.729846835136413352e+00 1.452812433242797852e+00 2.614179372787475586e+00 1.201467037200927734e+00 2.153979063034057617e+00 1.474878907203674094e+00 2.381390035152436135e-01
8.167095780372619629e-01 3.929444253444672186e-01 2.414444088935852051e-01 4.632200002670288086e-01 -7.653574645519256592e-02 -1.328078269958496094e+00 1.980223298072814497e+00 -1.336104512214660645e+00 8.071271330118179321e-02 -1.503365397453308105e+00 5.883628129959105335e-01 1.417955636978149414e+00 2.138618469238280806e+00 4.935051873326301575e-02 8.135415315628050648e-01 5.105537176132202148e-01 1.467563152313232422e+00 7.674329876899718128e-01
5.185294628143311435e+00 -5.418623611330986023e-02 6.010273098945617676e-01 5.129509568214416504e-01 -7.759333252906798206e-01 -1.146263599395751953e+00 2.304495096206664595e+00 -9.257692694664000355e-01 1.305585503578186035e+00 -1.849045395851135698e+00 2.933299303054809126e+00 3.830098867416381392e+00 1.158696770668029563e+00 3.075522482395172119e-01 2.363468885421752930e+00 1.363486409187316895e+00 2.504723966121673584e-01 7.824919819831848145e-01
1.641607642173767090e+00 8.723551034927368164e-02 -1.183032393455505371e+00 2.530928850173950195e+00 -4.680453613400459290e-02 6.183412075042724609e-01 9.447558522224424049e-01 -7.651111483573913574e-01 9.602907896041867897e-01 2.649815678596496582e-01 1.650722622871398704e+00 1.374381780624389648e+00 7.388365268707276501e-01 8.349124789237976074e-01 1.676431536674499512e+00 7.480189800262451172e-01 1.368023276329040305e+00 1.042060032486915450e-01
5.886900424957275391e-01 4.450860917568207342e-01 1.045682430267334206e+00 4.648186564445496161e-01 -9.170581102371215820e-01 1.286885142326354980e+00 2.908000707626342773e+00 9.825621247291566052e-01 5.469489693641662598e-01 3.137180328369140625e+00 5.953676700592041016e-01 2.947557568550109308e-01 4.393338561058044989e-01 3.622970879077910822e-01 4.866690337657927912e-01 8.676015734672545276e-01 1.419964075088500755e+00 2.383940070867538452e-01
2.296440362930297407e+00 2.614063024520874023e-01 3.457312583923339844e-01 1.330380201339721902e+00 -1.650520265102386475e-01 -1.679782390594482644e+00 6.265090107917785645e-01 -4.786321520805358887e-01 6.753854751586912952e-01 2.058720290660857877e-01 1.655544400215148704e+00 1.157655000686645508e+00 6.205185651779175915e-01 1.562097311019897461e+00 1.497290015220641868e+00 1.189571380615234375e+00 4.103578329086304266e-01 2.326389998197556097e-01
7.670341730117797852e-01 6.649310588836668812e-01 6.021538376808167614e-01 5.986767411231994629e-01 1.502016305923462136e+00 -8.265697360038757324e-01 5.801908373832702637e-01 8.856717497110368209e-02 7.044737339019775391e-01 8.104984164237976074e-01 6.570237278938292347e-01 5.064824819564819336e-01 6.840699911117553711e-01 0.000000000000000000e+00 6.113651990890504040e-01 2.669165134429932196e-01 1.007228612899780051e+00 6.567859649658203125e-02
1.790748596191406028e+00 1.466522336006164329e+00 -7.863459736108779907e-02 5.251721143722535290e-01 1.440205693244934304e+00 -1.248626828193664107e+00 1.445825099945068581e+00 1.709544181823730691e+00 1.747500181198119895e+00 -1.091922402381896751e+00 1.100015521049499512e+00 1.840842366218566895e+00 1.485018134117126465e+00 1.410253763198852539e+00 1.091673970222473145e+00 1.055840611457824707e+00 7.515519857406616211e-01 7.552340030670167126e-01
4.695058166980742853e-01 -4.650931060314176801e-01 1.163319468498229980e+00 4.560369253158568781e-01 1.113663196563720703e+00 -3.101806640624999445e-01 1.565910577774047852e+00 -1.653248190879821333e+00 2.163258790969848633e+00 1.696432232856750488e-01 5.650218725204467773e-01 8.706799149513243519e-01 1.367444515228271484e+00 1.143583655357360840e+00 6.788854598999024548e-01 1.293414950370788352e+00 1.414593696594238503e+00 1.484970003366470614e-01
1.615458607673645020e+00 1.102852582931518333e+00 -1.562797546386718750e+00 5.905186533927917480e-01 1.785706430673599243e-01 -1.727709412574768288e+00 2.044211149215698242e+00 3.183663785457611639e-01 3.068596124649047852e+00 -1.642166614532470703e+00 1.124137759208679421e+00 2.226106882095336914e+00 1.757277607917785645e+00 3.680737257003784180e+00 1.192820549011230469e+00 2.909233570098876953e+00 1.035671472549438477e+00 8.151479959487916149e-01
2.450444459915161133e+00 2.932432293891906738e-01 -1.454774379730224609e+00 1.485339760780334473e+00 -1.208036780357360840e+00 1.452995389699935913e-01 1.844540119171142356e+00 7.032349705696104569e-02 4.072639644145965576e-01 -1.287355661392211914e+00 2.364497423171996626e+00 2.348965167999267134e+00 8.815670609474182129e-01 0.000000000000000000e+00 2.404688835144043413e+00 2.101457834243774414e+00 1.028674721717834473e+00 2.938719987869262140e-01
1.439302921295166016e+00 -5.353858470916748047e-01 9.820128083229063831e-01 1.035763740539550781e+00 -9.785886406898498535e-01 7.967196404933929443e-03 1.597334265708923118e+00 -1.098315715789794700e+00 2.397795915603637695e+00 -1.253305435180664062e+00 1.109559178352355957e+00 1.874695420265197532e+00 1.499332547187805176e+00 3.245889663696288618e+00 1.169849276542663574e+00 2.451812982559204102e+00 1.189984321594238503e+00 4.500969946384429377e-01
