[[[ 0.14269972 -2.1783     -1.5047792  -0.7584403  -0.06523205
    0.03595473  0.16318119  0.3450242  -0.00766106  0.6722741
   -1.427339    0.31953666 -0.09906595  0.41392666  0.6674604
    1.055961    2.0384448   1.5393089   0.7009353  -1.1740974
    0.2397993   0.42882603 -1.0401157   0.2505129 ]
  [-0.97968894 -0.9572945   1.7982159  -0.36249402 -1.2229056
    0.9694313   1.1416627   0.16099389 -0.16780458 -1.635294
   -1.7516859   0.174835    0.9887491  -1.5532521   0.05736925
    0.11400538  0.62859404  1.9473045   2.0460386   0.18424389
   -1.2717634  -1.0083216  -0.74862546 -3.183613  ]
  [-0.55325407 -0.20393524 -0.4984581  -0.8479323   2.1641436
    0.1537745  -0.03691019 -1.36647    -0.7884281  -1.5745016
    0.85794973 -0.02608367 -0.30069533 -1.5890623   0.5670256
    0.07275827  1.813516   -1.5225749  -0.9823819   1.3347721
    0.9534195   0.5353531   1.3568311   0.31790453]]

 [[ 0.37602377 -1.9973665  -0.26931974 -0.22763601 -1.810507
   -0.49487612 -0.7721558  -1.3841988  -0.41994086 -0.5647713
   -1.5186278   0.2731718   0.3191966   0.5468192   0.67157143
    1.0879655   2.2255116   1.3226041   1.2817676  -1.4570527
   -1.2355244  -1.1536282   0.1039717  -0.84059286]
  [-0.61472017 -0.8470077   0.85945255  0.5742849  -0.88257635
    1.3196276   1.1944973  -0.6849247   0.85320395  1.3442651
   -2.3511019   1.0263585   0.5625662  -1.2706203   0.3782772
    0.6606232   0.8831887   0.33298677  0.5867821  -0.10102598
   -1.7566624  -2.2212424  -1.0690106  -2.3852375 ]
  [-0.35595778 -0.5169881  -0.19646923 -0.47472006  0.8346825
    0.3978075   0.56612086  0.8299908   0.6034465   0.22775456
    1.8892897  -0.448694   -0.16524549 -0.76335275 -0.84567374
   -0.34587222  1.3570113  -0.7900696  -0.74586755  1.7391803
   -0.79684544 -0.5037353  -0.09142734 -0.26447257]]]